7581
7658
7842
7864
8109
8648
8907
8974
9111
9290
9346
9386
9464
9602
9731
9879
9930
10165
10168
10197
10447
10540
10555
10563
10566
10706
11025
11040
11042
11070
11133
8832
9837
10327
10607
10854
7347
7458
7461
7529
7898
7900
7910
7935
7936
7937
7938
7940
7941
9083
9705
10428
10809
10926
8393
8571
8771
8998
9193
9774
9926
10090
10492
10732
10788
10855
10885
8562
8574
9133
9767
9894
9898
9929
10103
10381
10382
10690
10791
10826
10878
10912
10915
10923
7309
7321
7427
7624
7633
7727
7729
7772
7927
7992
8287
8572
8652
9080
9084
9228
9313
9339
9406
9441
9454
9546
9662
9667
9699
9877
9892
9937
10110
10119
10202
10217
10256
10278
10316
10549
11004
11165
9431
10352
10355
10442
11076
8484
9363
9388
9586
9678
9889
10118
10149
10220
10518
10596
10602
10604
10608
10614
10799
10844
10897
10932
11023
11094
10248
10493
10934
11020
7399
7400
7462
8568
9432
9453
9864
10391
10567
10716
7385
8661
8664
8770
8876
9153
9154
9155
9156
9157
9296
9404
9452
9503
9506
9634
9861
9916
9978
10139
10154
10172
10209
10230
10239
10551
10594
11013
7444
7503
7693
7957
8796
9300
9469
9478
9550
9706
10111
10688
10757
10845
7524
7559
7800
7931
8209
8641
8642
8973
9079
9130
9849
9949
9956
9969
10272
10433
10930
10938
10941
10948
7393
7561
7649
7653
7983
8047
8101
8322
8373
8555
8669
8747
8867
9021
9029
9126
9202
9400
9843
9848
9905
10082
10598
10823
10827
10830
10924
10961
7528
7832
8934
9215
9304
9443
9479
9692
10079
10123
8069
8985
9683
10221
10257
10657
10944
7440
7834
10979
7550
7742
7820
8094
8173
8234
8874
9052
9494
9594
10702
11089
11124
7538
7989
9113
10267
10434
10491
10720
7488
7546
7629
7867
7979
8006
8130
8160
9102
9626
9910
9953
10134
10152
10167
10208
10210
10613
10808
10916
10988
8254
9150
9151
9152
9255
9492
9641
9881
9992
10369
10969
10991
7380
7487
8066
8147
8407
8418
8678
8894
9129
9256
9261
9266
9569
9700
9813
9844
9946
10975
10986
10992
7308
7510
7583
7965
8290
8615
8621
8645
8647
8654
9209
9477
9507
9617
9871
9873
9911
10536
10651
10656
10933
10972
10985
7539
7683
8210
8230
8421
8463
8777
9284
10058
10080
10993
11149
7453
7490
7617
7691
7692
7838
8174
8179
8226
8414
8428
8547
8626
8803
9345
9373
9522
9847
9862
9890
9906
10096
10258
10264
10783
10817
10881
10996
11086
7489
7817
7819
7823
7990
7991
8029
8088
8097
8154
8163
8169
8224
8232
8240
8306
8411
8432
8780
8804
8917
9048
9114
9174
9175
9382
9508
9567
9729
9786
9806
9816
9867
9891
9895
9939
10046
10047
10048
10071
10254
10260
10270
10510
10681
10726
10748
10833
10886
10927
10997
10999
11088
11100
7620
8243
8620
10259
10269
10335
10876
8424
8873
9097
9870
10074
7514
7943
7967
7976
8545
8798
9361
9679
9719
10125
10238
10414
10544
10585
10623
10672
10798
10931
10960
10995
11001
11098
11176
7426
7517
7584
8065
8083
8089
8408
8433
8586
8702
9115
9183
9275
9287
9341
9374
9487
9527
9568
9715
10063
10241
10687
10699
10708
10880
11003
11017
11044
11072
8113
8736
9001
9182
9332
9384
9723
9887
10109
10171
10212
10244
10263
10440
10605
10728
10747
10981
8114
8937
9019
9321
9883
10268
10778
11029
7580
7685
9201
9225
9606
9677
9917
10201
10205
10729
7340
7397
7802
7803
8180
8787
8878
8983
9117
9371
9473
9495
10084
10091
10399
10503
7480
7618
9395
9689
10417
10649
7368
7603
8096
8119
8190
8422
8466
9024
9393
9490
10143
10166
10456
10457
10872
10899
11127
8412
8472
8670
9283
9422
9423
9820
9966
10622
10686
10821
10829
10892
11012
7636
8847
8850
9107
9213
9440
9502
9654
9821
9833
10318
10360
10364
10626
10787
10806
10807
11162
7445
8123
8172
8633
9219
9434
9785
10099
10148
10266
10322
10621
10774
10870
10946
11132
10631
10718
10851
10877
10919
11002
11174
11177
7652
7718
7783
7846
8116
8206
8528
8739
8881
8906
9158
9460
9501
9652
9659
9664
9903
9932
10116
10170
10380
10556
10882
11069
7759
8073
8142
8786
9207
9211
9458
9529
9839
9875
9920
10373
10508
10802
10978
10984
11047
7523
8028
8222
9002
9624
9855
9931
10214
10395
10431
10998
8175
8817
9000
9190
9511
9650
9712
10072
10362
11084
7442
7816
9003
9018
9208
9669
10050
10062
7318
7682
7699
7818
7824
8024
8155
8176
8178
8227
8241
8790
8795
8809
8854
8858
9057
9334
9389
9717
9727
9808
9825
9991
10053
10066
10068
10078
10104
10274
10750
10964
11134
7588
8429
8458
8481
9419
10077
10098
10200
10236
10262
7493
7589
10041
10044
10085
10102
10559
7319
7330
7457
7626
7775
7997
8027
8117
8308
8398
8417
8431
8513
8971
9022
9112
9176
9229
9270
9276
9277
9326
9359
9365
9369
9378
9462
9561
9661
9665
9670
9933
9943
10088
10224
10501
10679
10694
10705
10766
10832
10840
11033
11136
7443
7961
8018
8779
8840
9116
9274
9532
9854
9921
9988
10056
10245
10328
10347
10759
10794
11000
7323
7619
7625
7797
7871
7963
8223
8269
8305
8346
8535
8542
8794
8990
9248
9387
9397
9672
9734
9809
9845
10142
10695
10714
10742
10744
10745
10841
10862
10921
10980
11131
7778
8358
8384
8588
9427
9509
9721
9726
9998
10247
10253
10368
10697
11081
9935
10136
10138
10642
10680
10719
7431
7690
7735
7761
8462
8518
8729
8749
8806
8860
8865
8909
9467
9588
9730
9811
9908
10159
10524
10971
10987
7616
7681
7948
8059
8889
9224
9226
9637
9675
9682
10454
10670
10859
10863
7645
8170
8778
9279
9379
9951
10325
10660
10673
11093
7602
7648
7651
7702
7762
7811
8132
8256
8388
8389
8479
8578
8813
9064
9077
9463
9597
10057
10070
10092
10873
7328
7386
7395
7485
7677
7833
7852
7854
7904
7946
8093
8213
8228
8229
8235
8245
8253
8259
8263
8344
8377
8381
8828
8849
8877
8895
9137
9140
9243
9390
9426
9474
9608
9645
9649
9703
9819
9823
9928
9965
10011
10049
10054
10292
10459
10647
10857
10890
11011
11015
7844
7850
7853
7859
8379
8444
8833
8837
9610
9618
9804
10147
10754
10909
7501
7767
7780
8231
8233
8270
8320
8455
8480
8880
8899
9118
9144
9212
9405
9447
9491
9625
9627
9632
9633
9776
9777
9834
10507
10730
10797
7695
7779
7939
8034
8121
8237
8449
8872
9402
9417
9628
9984
10389
10409
10922
11009
7307
7390
7709
7855
7878
7964
7974
8382
8533
8593
8830
9110
9186
9206
9251
9409
9482
9510
9579
9629
9660
9781
9794
10610
10630
10887
10891
10920
7383
7484
7660
7684
7747
7751
7956
8079
8370
8649
8651
8743
8768
8920
9381
9428
9435
9448
9605
10021
10124
10129
10150
10225
10231
10595
10760
10773
10963
10357
11153
11154
9249
9430
9577
10438
10903
